1000
54 8 62
42 12 84
10 5 43
6 74 32
4 86 31
34 54 33
54 18 72
46 59 25
59 43 87
54 72 3
51 61 95
77 41 62
54 28 31
52 27 39
16 74 2
37 65 24
0 55 55
84 53 47
83 88 33
17 6 40
55 80 45
63 18 95
95 62 96
68 47 78
35 62 33
75 31 59
11 45 87
52 23 15
62 90 75
16 5 23
59 75 48
6 57 10
27 23 72
28 62 38
77 18 99
33 69 55
45 62 57
100 54 94
7 72 10
63 47 47
54 53 91
59 98 12
25 2 9
85 70 9
17 42 4
67 88 33
28 53 36
38 13 25
21 63 84
83 45 78
83 15 78
7 34 65
47 8 15
56 6 32
23 76 96
53 48 15
74 3 72
56 91 37
79 8 72
68 94 26
22 21 46
31 9 91
45 94 28
66 96 69
71 8 8
31 11 66
49 43 41
47 27 41
82 42 37
60 57 42
30 41 28
100 28 10
67 43 16
65 83 43
77 65 16
45 24 72
88 5 55
7 84 22
52 22 97
41 20 71
84 58 8
26 4 85
47 25 9
9 78 90
59 83 100
25 47 39
15 19 12
86 7 52
49 32 95
12 25 45
13 17 1
87 37 39
47 66 68
36 41 40
83 12 56
45 39 5
25 69 7
96 23 79
28 11 21
53 76 77
60 68 69
26 63 84
56 92 59
23 1 19
29 42 62
64 88 26
79 100 64
38 4 40
70 100 38
33 84 61
18 61 15
35 64 17
4 8 40
52 71 59
75 18 15
1 7 59
34 14 7
61 65 100
38 13 28
60 83 20
15 81 62
64 81 11
41 26 27
9 3 8
16 35 59
60 52 78
43 72 63
6 74 68
31 46 91
4 38 5
44 19 7
4 47 1
15 72 4
71 52 15
89 84 47
23 24 41
38 27 52
36 67 58
1 87 21
86 14 22
58 20 22
8 44 91
25 43 87
71 75 75
78 3 72
28 96 15
17 81 100
97 16 13
17 17 24
69 25 52
17 78 67
100 35 40
75 96 31
85 73 67
43 41 16
91 10 57
28 100 1
33 60 68
58 63 62
36 69 53
54 47 14
27 39 58
21 6 39
37 17 62
83 53 23
70 72 24
11 78 3
93 61 47
94 75 65
33 35 34
27 56 28
32 98 7
79 87 63
73 66 59
63 39 40
85 16 71
83 39 80
60 34 72
25 25 97
35 87 31
60 5 38
26 57 61
98 41 60
20 94 40
55 12 25
4 62 87
67 83 21
6 36 66
77 97 48
77 83 32
80 80 99
54 84 77
17 63 22
50 45 96
91 61 19
43 44 59
49 73 97
1 55 20
67 43 20
87 21 91
41 85 26
79 29 41
0 42 24
71 76 48
37 77 96
55 2 71
38 10 22
72 82 11
89 48 39
25 54 15
88 76 98
67 7 97
29 94 95
54 13 86
59 22 76
23 35 44
88 55 34
50 22 39
97 18 34
54 83 44
32 74 85
77 31 9
33 70 76
27 97 67
14 81 78
35 55 63
44 65 58
11 97 8
45 83 96
84 90 1
8 78 93
84 74 99
25 43 2
89 80 48
94 29 61
31 9 89
27 63 72
43 9 84
62 17 11
70 42 40
53 85 73
39 42 75
8 61 41
13 9 61
18 69 54
73 67 79
11 30 40
89 48 41
76 23 47
95 88 7
51 82 15
78 21 43
13 28 46
17 75 28
12 72 15
87 22 56
91 88 3
18 18 95
77 76 20
85 96 27
7 55 65
56 80 4
55 65 61
42 7 15
8 90 85
99 10 38
79 37 2
29 2 60
93 62 88
5 100 52
76 10 62
63 93 100
37 29 63
40 32 40
74 98 45
76 78 55
37 62 67
99 70 86
21 17 22
80 46 30
36 98 30
1 23 57
48 52 2
7 29 92
44 31 91
44 62 13
100 17 30
29 21 13
100 23 20
14 19 22
60 86 100
69 18 21
6 26 84
90 69 64
97 58 73
57 76 70
72 84 72
61 55 7
20 46 39
44 71 96
83 81 21
31 57 62
15 81 30
44 26 6
20 56 69
55 99 81
42 93 63
95 61 13
79 7 62
82 2 69
79 31 94
87 20 40
71 28 11
5 21 40
63 4 15
19 77 72
75 46 17
6 12 13
40 9 35
84 79 48
58 90 100
19 67 40
25 65 34
59 89 41
52 10 20
12 98 95
40 67 34
31 10 68
82 93 96
84 1 80
56 84 29
87 63 13
17 36 76
45 19 56
71 35 27
4 95 82
36 87 6
76 45 72
37 33 85
61 34 14
8 87 8
87 63 16
89 11 13
75 76 37
57 75 18
74 29 63
94 53 82
37 26 33
75 56 53
17 46 54
100 76 79
99 41 62
99 95 91
66 22 24
53 90 67
13 21 19
52 96 17
84 98 25
70 29 55
16 54 82
51 39 32
52 20 71
72 36 27
19 7 99
53 92 12
13 78 5
3 22 39
34 9 32
74 9 58
75 71 84
74 13 7
58 12 24
37 21 1
8 59 6
31 30 58
74 73 98
22 88 73
83 62 4
86 23 47
31 86 25
66 15 25
1 12 64
83 56 97
64 70 73
61 11 61
72 69 8
19 59 93
25 93 2
64 85 30
4 25 17
8 61 3
100 70 91
45 61 96
1 74 53
82 45 77
73 29 39
67 73 45
17 8 18
100 91 18
64 38 29
24 26 19
43 82 22
67 60 99
56 56 52
27 86 68
2 72 59
45 39 23
85 85 71
15 48 19
82 19 81
0 30 70
79 6 20
93 81 97
89 8 11
84 26 67
79 94 60
79 88 11
17 53 33
7 52 33
3 66 73
65 81 74
31 80 31
38 36 53
36 64 15
91 96 80
97 61 94
57 66 7
16 96 54
30 94 18
7 25 48
8 92 17
93 40 71
84 18 41
19 8 1
83 77 15
85 86 56
63 75 34
88 58 41
28 13 37
62 57 13
1 45 6
78 84 95
34 78 21
1 28 70
64 16 62
0 53 42
43 82 18
30 74 67
23 79 47
82 47 46
74 35 78
47 68 48
47 74 14
67 56 15
72 73 82
50 58 100
85 93 63
68 55 29
65 34 26
14 58 26
50 36 93
100 97 2
29 72 80
13 94 70
31 37 19
75 33 74
47 92 81
63 42 23
13 15 91
46 13 67
28 1 34
52 68 7
90 72 20
67 48 15
46 4 73
96 55 72
18 95 60
40 87 59
81 16 88
23 7 3
66 19 66
21 1 14
19 57 99
23 70 19
16 93 89
4 64 27
98 85 38
12 55 55
30 60 84
2 42 20
2 76 15
97 82 93
14 60 30
82 86 16
21 60 67
86 67 92
78 28 15
80 74 70
97 37 34
12 59 63
87 66 72
17 52 13
5 95 26
65 91 93
13 42 34
42 33 8
0 33 60
50 66 61
38 31 43
76 5 76
36 17 39
99 60 89
84 70 75
1 87 71
33 55 85
93 79 38
41 12 92
36 32 85
62 24 38
28 12 87
30 5 55
80 70 89
49 18 95
17 69 21
59 72 79
8 31 78
55 94 47
94 73 33
0 39 48
41 98 74
76 84 67
80 5 56
25 23 43
37 13 100
82 24 95
100 61 33
30 65 81
91 24 30
12 71 89
14 46 40
10 38 38
51 72 5
4 87 25
17 37 79
2 9 3
43 58 83
56 87 92
98 22 42
33 34 86
93 5 46
14 36 81
77 83 58
61 85 22
100 66 13
25 61 69
56 1 93
37 2 41
57 76 73
90 76 61
36 54 38
50 27 13
70 35 40
26 92 27
99 61 22
93 92 92
70 25 2
36 42 44
17 24 45
99 99 99
55 32 37
34 68 35
61 63 52
75 68 11
81 13 32
23 60 91
97 10 91
19 77 96
48 21 33
69 74 98
91 25 16
49 2 81
2 1 3
7 33 36
54 36 40
99 92 60
53 3 4
59 75 32
39 85 37
2 77 57
3 83 27
64 25 83
74 35 91
91 41 56
87 28 17
57 98 14
8 13 21
79 46 84
56 48 75
28 16 5
88 7 40
17 43 82
14 65 87
100 63 3
10 55 4
41 87 80
80 15 95
0 44 99
100 1 1
35 73 75
12 9 17
7 21 17
14 72 37
84 63 23
0 20 25
77 61 9
85 9 98
35 55 45
2 57 53
20 14 88
81 45 30
4 57 29
75 93 5
16 88 96
78 13 34
20 24 95
100 91 42
34 44 91
27 61 19
21 80 63
15 28 37
2 96 76
79 69 11
8 67 44
23 58 58
73 81 29
75 37 68
83 41 63
44 60 67
39 62 100
29 16 45
77 23 24
71 83 38
32 71 93
10 9 17
100 33 89
74 83 52
76 41 73
23 8 13
65 77 89
97 81 53
18 82 44
9 67 78
4 17 11
65 42 19
100 45 18
70 93 6
80 33 25
24 8 15
82 56 91
96 23 25
80 22 42
55 71 46
1 54 73
32 68 96
73 100 14
67 54 42
16 86 46
14 33 90
40 79 88
31 9 97
46 100 80
9 67 98
68 88 23
51 61 55
75 97 39
67 10 77
17 73 94
52 79 8
22 61 99
72 21 28
70 59 36
44 35 57
28 2 36
8 7 32
16 39 79
78 22 46
38 42 11
12 8 16
21 61 42
30 64 56
90 37 82
49 34 10
23 36 86
38 100 15
11 69 57
35 99 22
41 97 37
11 45 47
13 55 55
58 36 22
36 60 91
7 78 53
55 68 37
56 57 34
88 64 68
15 40 98
48 39 20
72 83 63
88 40 84
47 88 70
99 26 64
32 14 83
13 62 100
46 38 10
53 77 48
58 85 42
7 54 41
10 28 72
86 98 75
3 89 85
91 74 34
69 82 83
28 81 52
98 55 70
85 12 5
67 14 93
34 78 66
32 60 75
22 84 76
61 38 36
100 98 41
76 58 19
38 3 52
67 67 62
1 73 59
25 85 66
94 30 1
70 88 73
9 100 8
76 86 17
99 8 69
17 2 33
49 60 88
21 84 62
19 32 19
86 82 81
67 95 83
100 31 11
42 91 58
58 27 76
47 32 85
80 32 67
75 23 60
62 18 5
52 60 75
100 6 94
52 91 16
79 13 6
65 18 82
44 7 12
73 60 73
93 68 55
16 10 4
97 40 45
52 27 3
91 2 11
11 83 30
40 58 61
2 48 25
35 68 35
23 74 80
98 57 37
45 58 69
41 31 52
89 86 90
52 39 2
97 88 98
72 17 12
12 83 57
85 73 70
55 83 24
54 69 77
34 85 73
37 73 10
91 35 47
98 29 77
12 3 26
100 68 14
22 95 30
65 39 45
79 26 26
77 89 75
28 89 30
45 70 62
2 67 55
34 44 71
30 29 57
33 56 65
54 28 35
68 23 60
15 87 67
4 99 34
1 22 6
64 20 30
67 12 75
87 15 84
89 42 1
36 65 62
83 89 31
16 53 10
4 1 83
53 86 23
91 59 33
10 32 14
14 89 2
62 59 95
49 86 5
84 58 56
51 7 31
97 76 47
44 4 23
73 93 3
99 92 73
99 97 98
31 47 82
51 76 26
91 47 20
7 56 41
93 8 68
18 56 55
43 86 20
25 60 20
22 2 57
98 96 13
0 68 90
100 6 31
67 68 52
12 65 66
34 16 89
51 16 84
87 57 12
75 18 61
16 97 9
37 92 57
94 62 11
10 19 4
26 20 90
15 74 4
4 47 5
99 77 4
36 98 27
57 87 8
96 97 9
55 48 15
96 80 66
63 74 95
95 21 59
76 9 32
19 23 85
36 61 83
24 100 35
21 66 14
21 53 4
83 25 47
97 69 86
61 29 41
42 35 78
75 79 54
31 20 6
91 83 54
6 97 77
79 70 92
53 100 79
65 77 76
96 31 25
67 45 84
42 4 54
48 62 3
41 67 73
36 86 34
93 26 48
78 23 25
5 92 68
22 14 70
85 7 21
47 71 80
32 15 55
61 89 91
90 93 62
52 69 42
82 98 10
51 66 33
71 86 34
79 91 11
68 23 92
74 24 4
84 40 70
20 56 46
12 85 59
63 5 13
4 79 33
91 5 25
68 85 59
51 9 46
97 70 4
87 37 94
19 61 77
91 2 12
57 53 73
21 57 20
97 96 54
11 99 92
65 77 35
24 89 95
13 69 20
62 48 83
67 58 20
6 90 18
20 71 63
99 70 27
99 58 92
96 95 29
21 28 21
46 13 25
53 66 72
8 2 87
40 31 94
23 66 83
46 54 18
57 71 100
42 63 85
24 57 38
48 100 27
57 28 81
44 5 97
71 75 25
21 89 97
96 67 6
19 15 33
98 31 67
10 86 69
56 30 6
66 89 30
90 14 81
17 32 44
84 63 8
44 68 69
39 81 80
80 94 17
67 60 11
0 34 29
89 80 24
89 99 82
82 47 30
37 33 18
19 53 6
64 15 25
73 4 82
69 62 92
49 48 55
34 29 29
25 24 95
8 88 1
32 43 54
63 97 5
28 43 83
1 94 5
75 69 6
75 12 4
34 26 6
53 22 1
41 85 37
57 10 21
20 46 23
39 62 19
87 70 20
23 68 11
14 84 31
77 28 9
66 26 38
12 100 82
2 36 39
82 70 56
56 82 23
7 84 93
94 7 87
16 12 2
3 40 45
30 57 67
8 47 90
85 68 41
79 48 76
82 32 14
57 64 92
49 97 30
93 73 87
45 58 33
62 44 84
19 78 93
59 60 85
