100
2 3 2
1 1 1
2 1 2
3 2 3
53 5 53
43 2 43
4 3 4
28 7 28
32 3 32
37 11 37
33 5 33
75 7 75
56 9 56
46 10 46
2 5 2
52 3 52
80 8 80
27 6 27
60 4 60
100 8 100
5 25 5
73 5 73
46 9 46
2 56 2
6 3 6
14 11 14
38 4 38
28 5 28
32 8 32
4 1 4
10 18 10
1 36 1
74 1 74
92 2 92
14 12 14
2 54 2
80 5 80
8 6 8
2 4 2
51 9 51
1 3 1
2 59 2
69 6 69
63 2 63
82 4 82
3 37 3
22 7 22
3 4 3
100 2 100
62 8 62
9 17 9
10 5 10
5 1 5
4 29 4
69 8 69
3 3 3
8 1 8
46 1 46
51 1 51
56 5 56
3 1 3
41 9 41
43 1 43
4 4 4
7 17 7
32 9 32
1 100 1
1 4 1
100 9 100
41 6 41
11 16 11
1 2 1
1 8 1
44 1 44
6 15 6
100 1 100
63 9 63
22 11 22
70 2 70
47 1 47
100 3 100
100 4 100
50 8 50
1 18 1
48 4 48
1 71 1
69 9 69
22 12 22
35 3 35
33 8 33
22 3 22
2 2 2
85 5 85
39 2 39
37 2 37
14 7 14
81 9 81
4 2 4
39 9 39
47 2 47
