100
5 4
2 1
4 20
31 434253297
18 35118
7 17
7 28
25 1000000000000000000
7 23
7 29
19 43026
13 1739
7 4
49 281474976710656
7 6
16 7159
7 8
41 97437878697
7 2
7 5
2 1000000000000000000
7 26
4 1
33 2038178847
25 252525
7 15
3 3
32 875772755
4 3
7 7
49 140737488355329
18 15006
2 2
41 219891186667
50 140737488355328
40 157181101453
4 2
7 19
7 14
7 24
50 281474976710655
7 18
50 281474976710656
10 8
37 21784208915
50 281474976710657
7 25
17 21675
7 3
14 474
7 22
50 1
41 283103722964
30 246260660
37 14564555487
7 31
7 10
25 8388609
4 5
50 1000000000000000000
8 6
7 30
49 140737488355328
45 1875717354931
7 16
48 67179571849561
7 12
29 35235497
7 27
7 33
7 20
30 258133480
39 61089055021
12 986
7 32
15 5046
7 1
8 43
50 999999999999999999
44 686000109079
35 368356003
3 1
50 105553116266496
27 25700314
47 29198518033122
3 2
48 17509468956693
21 157232
31 457537314
26 7229582
50 125266011740183
46 2261000916348
4 4
7 11
7 21
7 9
7 13
30 228015384
44 970860967751
20 206180
